name: pytorch04
channels:
  - pytorch
  - defaults
dependencies:
  - backcall=0.1.0=py36_0
  - blas=1.0=mkl
  - bzip2=1.0.6=h14c3975_5
  - ca-certificates=2018.03.07=0
  - cairo=1.14.12=h8948797_3
  - certifi=2018.8.24=py36_1
  - cffi=1.11.5=py36he75722e_1
  - decorator=4.3.0=py36_0
  - ffmpeg=4.0=hcdf2ecd_0
  - fontconfig=2.13.0=h9420a91_0
  - freeglut=3.0.0=hf484d3e_5
  - freetype=2.9.1=h8a8886c_1
  - glib=2.56.2=hd408876_0
  - graphite2=1.3.12=h23475e2_2
  - harfbuzz=1.8.8=hffaf4a1_0
  - hdf5=1.10.2=hba1933b_1
  - icu=58.2=h9c2bf20_1
  - intel-openmp=2019.0=118
  - ipython=6.5.0=py36_0
  - ipython_genutils=0.2.0=py36_0
  - jasper=2.0.14=h07fcdf6_1
  - jedi=0.12.1=py36_0
  - jpeg=9b=h024ee3a_2
  - libedit=3.1.20170329=h6b74fdf_2
  - libffi=3.2.1=hd88cf55_4
  - libgcc-ng=8.2.0=hdf63c60_1
  - libgfortran-ng=7.3.0=hdf63c60_0
  - libglu=9.0.0=hf484d3e_1
  - libopencv=3.4.2=hb342d67_1
  - libopus=1.2.1=hb9ed12e_0
  - libpng=1.6.34=hb9fc6fc_0
  - libstdcxx-ng=8.2.0=hdf63c60_1
  - libtiff=4.0.9=he85c1e1_2
  - libuuid=1.0.3=h1bed415_2
  - libvpx=1.7.0=h439df22_0
  - libxcb=1.13=h1bed415_1
  - libxml2=2.9.8=h26e45fe_1
  - mkl=2019.0=118
  - mkl_fft=1.0.6=py36h7dd41cf_0
  - mkl_random=1.0.1=py36h4414c95_1
  - ncurses=6.1=hf484d3e_0
  - ninja=1.8.2=py36h6bb024c_1
  - numpy=1.15.2=py36h1d66e8a_1
  - numpy-base=1.15.2=py36h81de0dd_1
  - olefile=0.46=py36_0
  - opencv=3.4.2=py36h6fd60c2_1
  - openssl=1.0.2p=h14c3975_0
  - parso=0.3.1=py36_0
  - pcre=8.42=h439df22_0
  - pexpect=4.6.0=py36_0
  - pickleshare=0.7.5=py36_0
  - pillow=5.3.0=py36h34e0f95_0
  - pip=10.0.1=py36_0
  - pixman=0.34.0=hceecf20_3
  - prompt_toolkit=1.0.15=py36_0
  - ptyprocess=0.6.0=py36_0
  - py-opencv=3.4.2=py36hb342d67_1
  - pycparser=2.19=py36_0
  - pygments=2.2.0=py36_0
  - python=3.6.6=hc3d631a_0
  - readline=7.0=h7b6447c_5
  - scipy=1.1.0=py36hfa4b5c9_1
  - setuptools=40.2.0=py36_0
  - simplegeneric=0.8.1=py36_2
  - six=1.11.0=py36_1
  - sqlite=3.25.2=h7b6447c_0
  - tk=8.6.8=hbc83047_0
  - tqdm=4.26.0=py36h28b3542_0
  - traitlets=4.3.2=py36_0
  - wcwidth=0.1.7=py36_0
  - wheel=0.31.1=py36_0
  - xz=5.2.4=h14c3975_4
  - zlib=1.2.11=ha838bed_2
  - pytorch=0.4.1=py36_py35_py27__9.0.176_7.1.2_2
  - torchvision=0.2.1=py36_1
  - pip:
    - absl-py==0.5.0
    - astor==0.7.1
    - bleach==1.5.0
    - cycler==0.10.0
    - easydict==1.6
    - gast==0.2.0
    - glog==0.3.1
    - grpcio==1.15.0
    - html5lib==0.9999999
    - markdown==3.0.1
    - matplotlib==2.0.2
    - opencv-python==3.2.0.7
    - protobuf==3.6.1
    - pyparsing==2.2.2
    - python-dateutil==2.7.3
    - python-gflags==3.1.2
    - pytz==2018.5
    - scikit-learn==0.19.1
    - tensorboard==1.8.0
    - tensorflow==1.8.0
    - tensorflow-gpu==1.3.0
    - tensorflow-tensorboard==0.1.8
    - termcolor==1.1.0
    - torch==0.4.1.post2
    - werkzeug==0.14.1
prefix: /home/sang/anaconda3/envs/lanenet

